-1.218930660952680744e+06 3.255405434586371854e-02 4.868262688129953997e-04
-1.194552047733627027e+06 4.523217256483173798e-02 1.956109540248072987e-03
-1.170173434514573542e+06 6.556268221119616879e-02 1.347128332701105768e-03
-1.145794821295519825e+06 9.537180099830661062e-02 1.178826200417495973e-03
-1.121416208076466341e+06 1.265042703228624332e-01 5.145560552001715582e-03
-1.097037594857412623e+06 1.760670712894011614e-01 6.614684815920091054e-03
-1.072658981638359139e+06 2.419234866121634797e-01 9.753282334245133578e-03
-1.048280368419305421e+06 3.275057640230730760e-01 1.673647793460647515e-02
-1.023901755200251820e+06 4.871962044003139147e-01 1.972133065540648822e-02
-9.995231419811982196e+05 6.262131078223465153e-01 4.055191888296394431e-03
-9.751445287621446187e+05 8.783917169935899771e-01 3.473506509097434858e-02
-9.507659155430910178e+05 1.172646705650367105e+00 5.145704083157287556e-02
-9.263873023240373004e+05 1.409600398652264275e+00 6.973113945161091287e-02
-9.020086891049838159e+05 1.890982442826971477e+00 4.688928293763883204e-02
-8.776300758859300986e+05 2.528393562880991041e+00 8.062360755706432514e-03
-8.532514626668764977e+05 3.192972490940519492e+00 6.137021725096136748e-02
-8.288728494478228968e+05 4.095929393115032902e+00 7.604885064387190141e-02
-8.044942362287692958e+05 5.188677662146736758e+00 1.213143040852333598e-01
-7.801156230097156949e+05 7.018350005076995579e+00 3.084079032804174503e-01
-7.557370097906619776e+05 8.768472154823571785e+00 3.503201921060536961e-01
-7.313583965716084931e+05 1.043232072750902439e+01 5.314752153282498170e-02
-7.069797833525547758e+05 1.304540539358796281e+01 7.863032065159991646e-02
-6.826011701335011749e+05 1.571654071386909735e+01 2.036844265448234381e-01
-6.582225569144475739e+05 1.915137344105710682e+01 2.547823062813421302e-01
-6.338439436953939730e+05 2.334583988416205713e+01 1.398271656109884020e-01
-6.094653304763403721e+05 2.836514504283236349e+01 1.462914322872599371e-01
-5.850867172572867712e+05 3.413524146700769535e+01 4.725440639974252122e-01
-5.607081040382331703e+05 3.841526635501578824e+01 1.453384503244080861e+00
-5.363294908191794530e+05 4.849009807145679218e+01 1.610136652120644385e+00
-5.119508776001258520e+05 5.404470734236043228e+01 6.841059679172403207e-01
-4.875722643810722511e+05 6.200632486570118829e+01 1.427061540297330566e+00
-4.631936511620186502e+05 7.324168745444551121e+01 2.467329558575812598e-01
-4.388150379429650493e+05 8.580540655953372209e+01 2.410242540346231976e+00
-4.144364247239114484e+05 9.175987317716671043e+01 2.833774290835805232e+00
-3.900578115048578475e+05 1.048714519804725427e+02 1.654679631671584161e+00
-3.656791982858042466e+05 1.212776567058115660e+02 2.174459311345799506e+00
-3.413005850667506456e+05 1.362774563939687198e+02 4.067621024397993779e+00
-3.169219718476969283e+05 1.485805073601092090e+02 2.874590493972476679e+00
-2.925433586286433274e+05 1.517914229169806788e+02 7.636244301635400689e+00
-2.681647454095897265e+05 1.759923419394914106e+02 2.802157568058561310e+00
-2.437861321905361256e+05 1.840719552973836812e+02 2.719040507197945544e+00
-2.194075189714825246e+05 1.908771881800835217e+02 9.137403502984085435e+00
-1.950289057524289237e+05 2.115257496373733943e+02 1.112065994808034475e+00
-1.706502925333753228e+05 2.172123341906172982e+02 7.223606045040952495e+00
-1.462716793143216055e+05 2.331602655872913488e+02 2.028940456881798582e+00
-1.218930660952681210e+05 2.349369481095708352e+02 9.752616111494205597e+00
-9.751445287621440366e+04 2.592408983532528168e+02 6.493561211756798457e+00
-7.313583965716091916e+04 2.689761021709974784e+02 9.778601410988471798e+00
-4.875722643810720183e+04 2.726066572900386404e+02 8.701358443432070544e+00
-2.437861321905348450e+04 2.773784071431740017e+02 1.060748455462618267e+01
0.000000000000000000e+00 2.650498314533088546e+02 2.683197208415094792e+00
2.437861321905371733e+04 2.761356326508027905e+02 9.364710062255028333e+00
4.875722643810720183e+04 2.562874050243624424e+02 7.617893822244127477e+00
7.313583965716091916e+04 2.520477886310822839e+02 7.149712128926722698e+00
9.751445287621440366e+04 2.472015612956000155e+02 5.545775845896002920e+00
1.218930660952681210e+05 2.462435218889672797e+02 1.553957667902238882e+00
1.462716793143218383e+05 2.239332312394481050e+02 1.125597480472495704e+01
1.706502925333753228e+05 2.212142649354016157e+02 3.221675300256634955e+00
1.950289057524290401e+05 2.148641760206255356e+02 2.226360388444163618e+00
2.194075189714825246e+05 2.088522749622636923e+02 8.837683279196085095e+00
2.437861321905362420e+05 1.799574528573493524e+02 6.833542947232245979e+00
2.681647454095897265e+05 1.750119905713531807e+02 1.821806199920331437e+00
2.925433586286434438e+05 1.591404579866194240e+02 2.872092319965702245e-01
3.169219718476969283e+05 1.441683141254486884e+02 1.537602740688043923e+00
3.413005850667506456e+05 1.278561376914584145e+02 4.353697678112311564e+00
3.656791982858043630e+05 1.228699731551372736e+02 3.766775760671563944e+00
3.900578115048578475e+05 1.087988167797757626e+02 2.272685167631635750e+00
4.144364247239115648e+05 9.112123475375157966e+01 3.472412714250864951e+00
4.388150379429650493e+05 8.636284144716401556e+01 2.967677427976525451e+00
4.631936511620187666e+05 7.135688466845685696e+01 1.638069830131016147e+00
4.875722643810722511e+05 6.185742255592672478e+01 1.575963850071794070e+00
5.119508776001259685e+05 5.532826790906293724e+01 5.994545987853001634e-01
5.363294908191794530e+05 4.641124669625048682e+01 4.687147230856609781e-01
5.607081040382331703e+05 3.923008422546390506e+01 6.385666327959640398e-01
5.850867172572868876e+05 3.472701954561485849e+01 1.064322142604616772e+00
6.094653304763403721e+05 2.930520202538288643e+01 1.086348414837782883e+00
6.338439436953940894e+05 2.233613015222499598e+01 1.149536897548031789e+00
6.582225569144475739e+05 1.912140185403345782e+01 2.847538933049911236e-01
6.826011701335012913e+05 1.558047770292273171e+01 3.397474374911748640e-01
7.069797833525547758e+05 1.332058169521181945e+01 3.538066222754565615e-01
7.313583965716084931e+05 1.098802558204639190e+01 5.025573330045425280e-01
7.557370097906622104e+05 8.222239671784338455e+00 1.959122909331689755e-01
7.801156230097156949e+05 6.434148033437773861e+00 2.757940683588042674e-01
8.044942362287694123e+05 5.530940403727965915e+00 2.209484374960002384e-01
8.288728494478228968e+05 4.294069714467856791e+00 1.220914707089519879e-01
8.532514626668766141e+05 3.416263056159384082e+00 1.619203479679058866e-01
8.776300758859300986e+05 2.548508036502030727e+00 2.817683437674611824e-02
9.020086891049835831e+05 1.886271784063717760e+00 5.159994170089765575e-02
9.263873023240375333e+05 1.473987539549385994e+00 5.343998554484086227e-03
9.507659155430910178e+05 1.133615773136986249e+00 1.242610831819201955e-02
9.751445287621445023e+05 8.710388888128576257e-01 2.738223691024121997e-02
9.995231419811984524e+05 5.997776213277916657e-01 3.049067838284902354e-02
1.023901755200251937e+06 4.506260800535634159e-01 1.684879369134356653e-02
1.048280368419305421e+06 3.351034558377163908e-01 9.138786119963160370e-03
1.072658981638358906e+06 2.404682456472094221e-01 1.120852329919985735e-02
1.097037594857412856e+06 1.830918168266580104e-01 4.100607213372298165e-04
1.121416208076466341e+06 1.256535870783340725e-01 5.996243796530076331e-03
1.145794821295519825e+06 9.086812144826451887e-02 3.324853349624595777e-03
1.170173434514573775e+06 6.619482723858406692e-02 7.149833053129717175e-04
1.194552047733627260e+06 4.921377195672878291e-02 2.025489851649138473e-03
1.218930660952680744e+06 3.365578292674879790e-02 6.149023120720839564e-04
